45,6
45,5
45,4
45,2
45,0
43,5
43,4
43,2
43,0
41,4
41,3
41,2
41,1
41,0
40,5
40,0
38,4
38,3
38,1
38,0
37,5
37,0
35,0
34,0
33,0
31,5
34,1
31,3
31,1
31,0
29,5
29,4
29,3
34,3
29,2
35,1
29,1
29,0
35,3
37,1
28,3
28,1
28,0
37,3
33,1
26,3
26,1
26,0
33,3
23,3
23,1
43,1
23,0
19,4
19,2
19,0
43,3
40,1
18,3
18,1
18,0
13,0
40,3
19,1
10,3
10,1
10,0
8,0
6,0
19,3
45,87
5,3
5,1
5,0
4,3
45,85
45,1
4,2
45,86
4,1
4,0
3,6
3,5
3,4
3,3
45,3
13,1
3,2
3,1
3,0
2,5
2,4
2,3
13,3
8,1
2,2
2,1
2,0
1,3
8,3
6,1
1,2
1,1
1,0
0,243
6,3
0,9
0,310
0,305
0,308
0,304
0,303
0,302
0,307
0,12
0,10
0,8
0,0
0,417
0,300
0,416
0,299
0,415
0,298
0,436
0,297
0,414
0,296
0,413
0,295
0,412
0,294
0,435
0,293
0,434
0,292
0,411
0,291
0,410
0,290
0,409
0,289
0,407
0,288
0,433
0,287
0,432
0,286
0,431
0,285
0,406
0,284
0,405
0,283
0,404
0,282
0,403
0,281
0,437
0,280
0,430
0,279
0,429
0,278
0,402
0,277
0,401
0,276
0,400
0,275
0,399
0,274
0,428
45,7
45,8
45,10
45,11
45,13
45,14
45,16
45,18
45,19
45,21
45,22
45,24
45,26
45,27
45,29
45,30
45,32
45,33
45,35
45,65
45,66
45,68
45,69
45,71
45,73
45,74
45,76
45,77
45,79
45,80
45,82
45,84
45,83
45,81
45,78
45,75
45,72
45,70
45,67
45,64
45,34
45,31
45,28
45,25
45,23
45,20
45,17
45,15
45,12
45,9
0,273
0,427
0,272
0,398
0,271
0,397
0,270
0,396
0,269
0,395
0,268
0,394
0,267
0,393
0,266
0,392
0,265
0,391
0,264
0,390
0,263
0,389
0,262
0,388
0,261
0,387
0,260
0,386
0,259
0,385
0,258
0,384
0,257
0,383
0,256
0,382
0,255
0,381
0,254
0,380
0,253
0,379
0,252
0,378
0,251
0,377
0,250
0,376
0,249
0,375
0,248
0,374
0,247
0,373
0,246
0,372
0,245
0,371
0,244
0,370
0,242
0,369
0,241
0,368
0,240
0,367
0,239
0,366
0,238
0,365
0,237
0,364
0,236
0,363
0,235
0,362
0,234
0,361
0,233
0,360
0,232
0,359
0,231
0,358
0,230
0,357
0,229
0,356
0,228
0,355
0,227
0,354
0,226
0,353
0,225
0,426
0,224
0,352
0,223
0,351
0,222
0,350
0,221
0,349
0,220
0,348
0,219
0,347
0,218
0,346
0,217
0,345
0,216
0,344
0,215
0,343
0,214
0,342
0,213
0,341
0,212
0,340
0,211
0,339
0,210
0,338
0,209
0,425
0,208
0,337
0,207
0,336
0,206
0,335
0,205
0,424
0,204
0,334
0,203
0,333
0,202
0,423
0,201
0,422
0,200
0,421
0,199
0,332
0,198
0,331
0,197
0,330
0,196
0,329
0,195
0,328
0,194
0,420
0,193
0,419
0,192
0,327
0,63
0,326
0,62
0,325
0,61
0,324
0,60
0,323
0,59
0,321
0,58
0,320
0,57
0,418
0,56
0,319
0,55
0,318
0,54
0,317
0,53
0,316
0,52
0,315
0,51
0,314
0,50
0,313
0,49
0,312
0,48
0,311
0,47
0,309
0,46
0,306
0,45
0,301
0,6
0,5
0,1
0,11
0,4
0,2
0,3
0,7
